A1 = 1;
f1 = 50;
t1 = 0:0.0001:0.1;    
sinus50 = A1*sin(2*pi*f1*t1);
